9.112272 
7.654676 
8.608056 
8.641006 
7.287918 
9.159150 
6.281055 
8.417466 
7.599946 
10.280909 
5.728280 
8.225145 
8.866331 
9.387139 
6.967423 
8.308187 
7.641797 
8.300349 
6.886188 
7.678641 
8.047448 
9.244166 
8.844847 
6.470149 
10.224139 
8.392710 
7.993583 
8.472805 
7.250164 
8.980675 
8.154229 
9.556501 
7.772023 
8.894644 
6.671594 
7.095484 
8.054193 
7.137040 
6.937963 
8.563226 
8.786889 
7.695298 
7.930450 
7.281612 
6.295039 
8.290527 
7.358981 
9.336808 
8.155588 
10.081781 
8.038588 
7.437511 
7.894486 
8.730646 
8.319236 
8.163729 
7.108877 
8.985429 
9.317130 
6.626671 
8.505623 
7.100980 
7.840648 
9.011188 
8.973994 
7.498025 
7.757638 
8.351762 
6.925995 
9.339779 
8.528939 
8.102713 
8.396976 
8.905164 
7.888914 
8.779234 
7.605197 
9.223582 
8.264499 
8.590069 
7.907702 
6.502010 
9.940762 
7.063924 
8.799445 
6.536488 
9.011509 
7.319033 
7.709931 
6.500031 
7.165918 
7.402693 
9.417492 
5.903067 
7.971759 
9.614618 
9.538078 
7.025913 
9.338815 
7.296014 
